Spherical Region Partition

Total Regions Found: 305


The 6 points:
(0.1262932737563980804727792925461667309214657995747698223659016179441513316783279, -0.8963687469087315129620505964531139876358274114370837795548362368939769812438998, 0.4249389115733718278822344445302671094026117494290970181252018365854707344315527)
(-0.4374898537969977502192740425687062711486316572660565075570788735595797260565975, -0.4752694821510061825941160352190436119988703077543571526462443514198399039728247, -0.7633620026963589630748664036829866158117634168670138203707726756004597877437045)
(-0.313288710932408925431908001751233755562167924916106290511162378393683634421493, -0.5997179472168341021278552978100476152087829346834190627163620658088420285378751, -0.7363345485500025796450779920942992683406603068547135226951274160351331750525367)
(0.2187223774622552780516682209338786019813835669329463663693780353140721604442812, 0.9463167158018922241865963800822750757354120876629496479574058694490025230679245, -0.2380025104724306642290825318224124957260172953505224813786491891778584517009893)
(0.649825150243110997914629927058709298406385270854679204981064704223506723783164, -0.7454344485268345981655416978564588603564241013943914896520840911847257441034594, -0.1485084410429663036688376191414203775728415321605933341759049548730509751598894)
(0.3122450509162413716382449871240229964524249651047010248270949192761213563965909, 0.902756591497023515660725198114801330218501879127582207288928250298316065217226, 0.295860718391255926500625563018207423952544762788281869655773334625916441876746)


Representative points in each region:
(0.1882853028973936011347526013158426133070478143376186078025215136225987395072002, 0.3395169895317374495134388389465286846496967711542021436980859777830167958375772, -0.01969467575451320512803761078337272932395669237259454724360120679687985410470428)
(0.31224505091624137163824498712402299645225138424536052727623727130215129441768, 0.9027565914970235156607251981148013302182604596702381207171532486428235288931305, 0.2958607183912559265006255630182074239520619238735936965122233313149313692284685)
(0.2013682589269331967395387174256927686631298351796474684755963198823393281707491, 0.6003414692501014605434404136494989665111911351664505878546540404773927024432576, -0.113531282700167985494195276306106707407107278674333129507206045156186412517203)
(0.3794477828220238377196298768104096908797573340636352228326103566697185669790207, 0.5873887618690456533620571348993741058299985977117820376788581979082771076103574, 0.207943817410431297236430085495845628809459185677140361404294980555875262877394)
(0.6498251502431109979146299270587092984062405797303854734097001779927530759577125, -0.7454344485268345981655416978564588603563992776630165845158095338486564608227547, -0.1485084410429663036688376191414203775729903502120501667496573262753024879583222)
(-0.02745618248298557575143528281842863064548745217613686640033990348062390636791782, -0.6412345265822162231811135902772322541422976456817660602438836242355068683085839, -0.5685888587791839004854350504763783472288117742210166866346743673088594946984528)
(-0.2875390056694096482080758856904247463099756564225880219974308962597693002704888, -0.4974270250845908386779748579497743114136693062613960939908479898727860246710965, -0.7252911852123996490590174629055510579644657093565436165694870048905058235017687)
(-0.1006058243904455459084120906926957681045996977158097576779728584302959547366766, 0.2736575875222712481533836736194349344041805575767386015867009375432229784908856, -0.502232595245166970328868226164589397851046934168040751482737669495223138100816)
(0.3122450509162413716382449871240229964523582977445764628170842735413650456225597, 0.9027565914970235156607251981148013302185129903542696342905966912541087836795487, 0.2958607183912559265006255630182074239524600075061145646998667203177684637482318)
(-0.1126999861139778950089322727019257413650701101843770264846173722327068926641996, 0.3360222589774325134051363092053295745218774172163464604599133549265086330522296, -0.5516526336697250384250137769496051432287432843485450077042906758610503216678625)
(0.188152650563220125730592698780197237598825545648139557593263558646894826003195, 0.3368724055427594739564340297648910995535524784013247560414583488963160791480029, -0.01874323596413594524589225771972666292524299641676001990638072621117928733084371)
(0.2187223774622552780516682209338786019813135091543824712053853727383016693161928, 0.9463167158018922241865963800822750757353002015213872574953285807636661628683535, -0.2380025104724306642290825318224124957264648399167720432269583439192038924992497)
(-0.4374898537969977502192740425687062711484596250820370137109187628355770649469343, -0.475269482151006182594116035219043611998568206546071873273177102853675638377051, -0.7633620026963589630748664036829866158115683133306151420804119688372173810144307)
(-0.04219459129963851023545728816446418717125266579580779076523887325532874052464681, -0.5120417736578838880156522070029984195109168617287225944631982638926377850210747, -0.7299533097450832585797153276447402845670722467980888996586371426426573396726389)
(-0.01269764525239461420455906418968138679402604384588578868642396455977394470987343, -0.5793253847993180573815013198666995192238914815429897760934012842156529068149507, -0.5277678673021966825386461557626190726126462120669862540213255784922386366120995)
(-0.3251767939732029956959868769119708909341275105879260019430819979900071454786943, -0.5878061913917294406159244164917180331376701040515715653466631498292496591791538, -0.7389215184591558579924193517434546460428803462269378944402933318551650405864696)
(0.3117147233574959418202683096318113572473132806989770144832365048121893805678196, 0.9030036025535735022142418771016121800787889940017731720149415054608954336556436, 0.2928334056294310618579129925024251423807495302542119640347853527671019458357375)
(0.6358123742630852281236859995622140117231033496732099823384257375286343173916482, -0.6734513952041653384448281119963936596147620170226568185278203885259614234577558, -0.368382582576996063007273264569224691465773206959629217897654359164984262245185)
(0.2187223774622552780516682209338786019814773632249681197548914549624599196370449, 0.9463167158018922241865963800822750757350017330640824128518889751968632501375048, -0.2380025104724306642290825318224124957260172953505224813786491891778584517009914)
(0.3105242309784168595300491146567620097931063260222212519603547814126785408617366, 0.8861072709029395264819486573592558773278424065175826592219019738256329699523638, 0.2970552233955034279210199466469872339137910883918047564637710247654189888731257)
(-0.1654697761900869464346327910449633536579273884642272619069729390111669718427826, 0.5519388115230234314236149597286078573019129965751184860951456447960376899948439, -0.5207930399925208792551556109383355844682239445288988850482307749041546595011055)
(-0.2831066689124959361654637707076092554838810542444277020071038746405571264832413, -0.6290372882470875793021710105619140477952488982871901961848638817219158918953394, -0.7229285955065536342139252262256371996674318924037053135905952215347233092368435)
(0.1262932737563980804727792925461667309212743865645743281938593125994824737293573, -0.8963687469087315129620505964531139876356801975193937037193654185816445548553987, 0.42493891157337182788223444453026710940278106289303980312895839841397137660016)
(0.1262932737563980804727792925461667309214657995747698223659016179441513316783279, -0.8963687469087315129620505964531139876357988256932702432905239591420784869059908, 0.4249389115733718278822344445302671094025564684149117610627950983315529366289655)
(0.0806836296955617656042117718128497961830235495184688696450359696177790955149654, 0.6472762998205176816156807536154749010668025685660738051396675966201783562826247, -0.3485154862741361898023536612444500960726183324460329269305717956422889541014738)
(-0.3186584297200235719329047002499908651278972549901647874371838047281574415983871, -0.5943375356880742658912955511712141479877641435685798974632923025534879582623328, -0.7375030549337909484243771093125403949487410624227135225200774061465222519930413)
(-0.3132887109324089254319080017512337555622282333314660134558357403153579117025217, -0.5997179472168341021278552978100476152086722440187259488678393255072804643837361, -0.7363345485500025796450779920942992683406033071613625770973953819607212279074952)
(0.2133980114411886876382320167602018804773562756669170519167805364856377261453498, 0.8401690688833158080003942801152161666462675008612228105699880161814511405794805, -0.199813859495881616896799957976096796420241396266521504503518488057054292371779)
(-0.4374898537969977502192740425687062711484669859097493408509767472598766350489426, -0.4752694821510061825941160352190436119987056363980499859401422251201368129651698, -0.7633620026963589630748664036829866158116584278839627587869186439649413461264877)
(-0.3132887109324089254319080017512337555621037280738277342100810890791566440269363, -0.5997179472168341021278552978100476152083597612322652862986494916455244680460413, -0.7363345485500025796450779920942992683406763560652831617703977383637649226511856)
(-0.3975950242007067560409681956795539824197852491676319398754357414219287611148449, -0.505067613009474950380850617177387596818491097121717519812820390142759798227174, -0.6792745936076260153597533228772196845667162235506299254393653475648789074814381)
(-0.4215259799088242417136307383728242222785270596105153705179359633216619832309533, -0.4561127629103613228134839803139446826324431128958744001800526212736310714109174, -0.7436597569742719042951279104615250827288300028638627021181051297126010662583135)
(-0.324941717641086111316048715313747357048818801769425809495725647652617341172066, -0.5838169222110925773878372822026226882087926033846936800335763193678077201758052, -0.7075642150608755881538158193359269986934068179386828152884075710123729657354711)
(0.1385125583598921636961007050269776298098693238196823364526987189454469750798347, -0.6527625968887411547005670555193549276712408721433043138854897385192415940327199, 0.3372969288359647250346716227347196720716009447869116464478711951811908387927016)
(0.1044018861024416649095318346522674189985968296563961173202597027864837254051161, 0.6797687449307114489155015765056979185132734818913293824170696272464065290089037, -0.04053319374127842030342694782592787817437828116577099659762997328764844715240461)
(0.1880527840669729760103374477124230804850329602886723569511350183964716309277873, 0.3348814467054640906414778456855484796249048564101951691542183945541509318639887, -0.01802695035297706729766878564663136150567913057306099650604444372125587713638052)
(0.1880253481507286059696949380930455720894868410937274252818885593350546208911552, 0.3343344786835677230929045919784677011064794322120654396751717811192513837552148, -0.01783016812096436397463332200717369828628588530698229251031565159350914087159728)
(-0.4374898537969977502192740425687062711486848390969646243137598862787840639604248, -0.475269482151006182594116035219043611998854583236412203361095149356578318156211, -0.7633620026963589630748664036829866158117289636925872873498575682092268258835077)
(0.2187223774622552780516682209338786019813284072684870966898159181253032875598178, 0.9463167158018922241865963800822750757353994137233982817752125462289514194920917, -0.2380025104724306642290825318224124957260613865584491375677104151192571580439511)
(0.3782618698770179288086944768009464621232299317367110958522631736252341799003919, 0.5804380374146250611335271561850935309186086503505243261806724863809095905599468, 0.2089603400555163873499171637623950175231694867505571988465310903532040742237922)
(0.1262932737563980804727792925461667309213768620291721028594996278535155959061361, -0.8963687469087315129620505964531139876356583008569613310312308708288334378088075, 0.4249389115733718278822344445302671094022232164886712676653243666657804942690898)
(-0.2238167638025696993825489752182062502395050565455961679100954769499966220982768, -0.6348655691882919221757919701914388225706088716256476374672509696124362231610897, -0.3129974639470688282327201352953277114424727497177841431130248016297937393445352)
(0.08486806205205753510892706609936277353283150772226357030683244731500392997844902, -0.8684130467036869651955790137133376651057607127182410403591520714532717920217028, 0.3155031280157301237297013249292406453907497588450752186294772409313471236698811)
(0.1881526505632201257305926987801972375983651677745048076447454606168805335523033, 0.3368724055427594739564340297648910995532820572765994487889811766384721688261947, -0.01874323596413594524589225771972666292605883530022909503220212268800311717601637)
(0.1880472454023595026183533193503025266814671945737589195684423024798496026619183, 0.334771026758100364081495416324242070336386684452936728807242621319297302597784, -0.01798722466000945135993338923228788003809007552779935513818152900035018816502475)
(-0.4247085492351742976538807731870736887560879828670398725062281917045876257998524, -0.4848160572267540272978106737770306364469314851693358757855600347742091408815528, -0.7364225021081008787343100999329789065941788995763570603615361263597721837928268)
(0.1262932737563980804727792925461667309211847260423729159589102695140288976506477, -0.8963687469087315129620505964531139876360070798446832159689592083538012934037797, 0.4249389115733718278822344445302671094021524378976186800906075702388801418449677)
(0.4849718656386625488403666722823790971296469897036750784449402900531525477830081, 0.7185370958278966371037327439180270072817454886603370654487629230608065504444337, 0.3361516288543952875318914442642613169239605674829264398840242546338177160263251)
(0.126293273756398080472779292546166730921582876055187993192800593318425452537755, -0.896368746908731512962050596453113987635399548124384021979043466542588715330704, 0.4249389115733718278822344445302671094026440344877409207788676398526107384637184)
(0.2187223774622552780516682209338786019814392802042184583776729416387910615622899, 0.9463167158018922241865963800822750757353842310273136019532584162866430725088835, -0.2380025104724306642290825318224124957257589891034671258574896691928696936526744)
(-0.2774490435110467206171428053411831195366548661800924293817661800155050599694685, -0.5136343637865316232717463035031481790389315112735066179575131835851548684514212, -0.6771953983756758105180724419602700670368077052249072492771729989532169653162353)
(-0.3131482808513538146341267982519528901547653548354838789815367604603993529772807, -0.5998127161047704173630316753983678894636761999813316555072144681705215144164655, -0.7359635649068768906896113676216239030240634331700593363846637303717478786903426)
(-0.01207706375055828698268007442232471785126685739847398797664967812363158928754546, -0.5807409538682055841711076412003435949522162797871980495125226376146884326797659, -0.5235141203102306238529516936532477282323861324453550849953268450969250696212108)
(-0.1753313915949505399566076438087456349011304439595571709153741131571824609154142, -0.6710801233143363765655530156421353142460136089863835584701907141649623880645282, -0.2108035363404550367461530867511789191623043061289730366294192632237460185102944)
(-0.3864303010202086133984729008948233898260712981035435179341023976683335676731662, -0.5269142236969075660850709065248625817918533066136947484944229686554938174496912, -0.7558337839792606764037873036318066494247344389460274328262046236030413384608134)
(0.1225513321185915721482624204846784448364277804092705064753817593735427992922899, 0.7379764499691423972778559660987241739041880131321626567816384387768206652558935, -0.3149964602064011575452997212594085750128122843498662826826359188040385732348187)
(-0.2771154254817622172531031185337100118962320941786351901169946532518361704670111, -0.5139506226605105592504344073405821405380140872336456875934279037099977442558386, -0.6762846890921392204727736004714026227139608946130435378793976246320632489871811)
(0.1066121151969309651572593860799379992741583262369417828341254848536375985894674, 0.520636532919046865556480209535157335273382340046471421224918386568501077296808, 0.006462456150915293546256257190368305385847675560430511062251888444523623276290078)
(-0.4330142888870376186593171479741415027160451301542091724344693895268075865998572, -0.7135669866771337509116023306831941602558295076995685356866038287745991955374026, -0.2973770519294336037669149311203471250031203512962936825984655351239437954509052)
(0.3105242309784168595300491146567620097930748587475224315849440908769144249264874, 0.8861072709029395264819486573592558773278453933967477688591105286996909590776613, 0.2970552233955034279210199466469872339137873881101991426777747363947271604921081)
(0.08486806205205753510892706609936277353310666657392700520347396373791188392494566, -0.8684130467036869651955790137133376651056964816994352434466567031895739483531242, 0.3155031280157301237297013249292406453906620097536473349601246814454301922618215)
(0.3105242309784168595300491146567620097931097829130116652096282495492491102262799, 0.8861072709029395264819486573592558773278399235447676009927423740217355664088297, 0.2970552233955034279210199466469872339137614601159051759088095041406308107640108)
(0.6658295749747108117763997754146835093288384172398251043710544426933482054283345, 0.6939055755272634253734739454739210938224351860359205981949706023423201636521449, -0.1047189380890416870520806316117657637664192764946735489469305637758406628775089)
(0.2187223774622552780516682209338786019813914108076128511484405278744126571703517, 0.9463167158018922241865963800822750757354008604944546489640027044518094612960375, -0.238002510472430664229082531822412495726048252421270123534220733089789985802589)
(-0.2664352973795363084621506309911095967897116872089439005470082609565509534844547, -0.5177713774722731898859767405988316179146369698144851828575434137612600693268838, -0.6666342808682531736569956230952933240553983897444988171868868702731127108902851)
(-0.3131482808513538146341267982519528901544956834183668539220111176093570513681254, -0.5998127161047704173630316753983678894635235852490647970002646624683936420492664, -0.7359635649068768906896113676216239030241265271930387579707952615642603903061524)
(0.4832933637261173814761000752494469654782621949345864569992931079481286999356288, -0.793445581153377157770201440954697972113668629004532561313995316213579349576666, 0.0339011053355585065495722805142615147006344462357282246431281177718142079433471)
(0.6505732251903457832840761743923531175240629180314240608200943735845807829894024, -0.7377658644984698201159545460732736149154281656538176612735679891519207309530963, -0.1782459097100799405469230366751415135141970901303103354742573671768616003917711)
(-0.3481605925878898702119436592068628755222911216758302318191421106493890580877355, -0.6488934330811808216233268405093707333812909280098585963730763698943568403732144, -0.5463408010350430502036517432217564916218459436511475556355422363158901128842699)
(-0.2773751330353539941564828429401536023282324766070742682357836839627568405282873, -0.6905821008459506320340779872766333987211411982473191107499767505122282946300479, -0.3829358893555190904859582240551999283327073114080659927321100399463585328091284)
(-0.4322612772975177845414230146545969389402869750593466278803448901064364088961535, -0.4791747954036664572488809113526188967980904712473359417166822783773935659763013, -0.752341590890805545246594466506956996731143935750850985451558424625808235408622)
(-0.4374898537969977502192740425687062711486316572660565075570788735595797260565716, -0.4752694821510061825941160352190436119987011500487552021501249188054661937273654, -0.7633620026963589630748664036829866158117880765290462135605766906447127547502685)
(-0.100605824390445545908412090692695768104642212659158291166858941331537798147575, 0.2736575875222712481533836736194349344040612291012048915128995514772337930629136, -0.5022325952451669703288682261645893978511871141191744711465313592156990392236359)
(0.1065363624291658911806191804631001952318037800181143820085124247255626982744378, 0.5260905854109436505715001837475127806583526745019256692365430818358926853819626, 0.004851740519160990562542479351633858173471343652908670116526519842411939500177397)
(-0.2678974245299498337827644315357652466440450232079280915288380015480366128697057, -0.5163618607382931105077804143821157001286809789863496925626800396482782962007637, -0.6706982041950335950517579836220451543204862263312954086676286768022009149774787)
(0.1065363624291658911806191804631001952313800001753686019329962044681067879210812, 0.5260905854109436505715001837475127806584795476379582500730364289841895839087744, 0.004851740519160990562542479351633858173920880011449919864233115014477388972660888)
(-0.09799513598470699018013864004087878562676008700731378354111726951724844518492231, 0.2601953295818234017840803291935362421927176574626454501775841451121291944754248, -0.4915646114464134817636542781485416054917504155338868864766482819139790976109336)
(-0.404481164200309827818133494536585882745322905378087750538900131387032879735114, -0.508343902074990460749502020378923913492478187616570081372240258472510744294628, -0.756178970206243661340025150144946314815799938698092891828608365417739041658645)
(0.126293273756398080472779292546166730921479651298579651006966633169089555491102, -0.8963687469087315129620505964531139876353690502135719394591195466750193995168988, 0.4249389115733718278822344445302671094028340041789480238525276740824804133885808)
(-0.2831066689124959361654637707076092554837358885333058932030528946052650671942013, -0.6290372882470875793021710105619140477950433754236304695077153751368994764703051, -0.7229285955065536342139252262256371996672045641706428129454980753163718722778387)
(0.2588910569038696505317430787029125972503913294940591028370583123119751195857287, 0.9276073204754205251544580266872664382833359293118168544191650168147608769556532, -0.008704308080456249061406091373623009350908778066290108016408803424172214825403776)
(0.3627691352773811727971265490123059962971379107863844743162955510495936491908899, 0.6658963123673070376548237606569407987353848767346454580921301536482547244063247, 0.2297735757335842465530723777095048876324892815003650765350443133752611330917388)
(-0.01196352807144791652564711368295041348579501699023395731391147525381301844556375, -0.5809999328984992843387074450805077464182159303612159684930136973387095441775265, -0.5227358952873005393707585746714778528142349994279000881143542351106761697352981)
(0.1881321134664610769082852570473319614945038724377768148376305363200796202045678, 0.3364629737931602120995783329044126165075108786908878292246650210846556480009258, -0.01859593504284319341278482041308132275280859314145488550336668456876987547458052)
(-0.4374898537969977502192740425687062711486316572660565075570788735595797260565673, -0.4752694821510061825941160352190436119990444532513764446010212939519780948430679, -0.7633620026963589630748664036829866158114025962987863120962768065796455383893138)
(-0.4374898537969977502192740425687062711486808005057007970089189959301044716209298, -0.4752694821510061825941160352190436119985136092681293471512969513129764159540877, -0.7633620026963589630748664036829866158117388452471916756448526144151974149615189)
(0.5248788563566327857589625874079577785896269738844796914237494358992816036467067, 0.6795772245780174708788208478239519295422974753806366449549243702515390432341798, 0.4243713091247476760615583259114699963523054517215338488881940620194275039367725)
(-0.2708945445540471778522125741723369166170565714018218012043657802586822291532286, -0.5166633891170248548140196646305699757242641284956511912521546966110082944828978, -0.6691558905189553700203375608488764668139788462028671139660008248941256463546936)
(0.1065557326028930573595175320274382974988451802756181736410764530510668805906007, 0.5246959704364419177238493182914424765234949039985768830643822566420014200113304, 0.005263604567599466851462903598333197022744069634521658043347747428631030226895989)
(0.103140890388094999693975276941461862110389703576524045904180490968432393452442, 0.5323917524564346632063372782838133463991939251761417485779632588576201960456006, 0.006319223386423362145177359359299383013097093751681440356475185120790469017489941)
(0.3495306253541259450589022289468229526793233617117168052137636299715831711729606, 0.8463941499030788397582766525168186118730302079876746148508717597278788787668863, 0.382113985172321263462576672955006438216065678370688763572438222678470179128513)
(-0.2893305289456733307464307642288943283485591684871141374790040669497659263158749, -0.502371107982248617028233001063842940812685380388883395742565772817406149467663, -0.7096294341222620299692429245414821567416772166169097474069896049524280112373086)
(0.6498251502431109979146299270587092984060904025855059662383891686853481872850163, -0.7454344485268345981655416978564588603563266065013031833027221740777654755646865, -0.1485084410429663036688376191414203775731277539476593014045102965121474627801304)
(-0.4374898537969977502192740425687062711484602162351401583085416395701611143059993, -0.4752694821510061825941160352190436119987398375909483807893140650550543863628593, -0.7633620026963589630748664036829866158117839023007676090665761494127763348140468)
(0.4044876078324312079267463055936598209885366834690432081595789272580118400563717, 0.7341490487578810517643262471048474980958390118745631632337909232536795295209014, 0.1864805647667726435280763360594100795681368861859665148040760605787735422050434)
(0.1262932737563980804727792925461667309214024451474703695876175612626839136063594, -0.896368746908731512962050596453113987635488882997625264144821464431387762469531, 0.4249389115733718278822344445302671094026434266427467445143438649262044434674808)
(0.1879583376988989493610539640995908069782735871628682673141055682046230612386307, 0.3329985446488816989622969290074446961616305938613939397356042111418439191834419, -0.01734954024027802159331749130517089872558754555228160354688402748315711739194015)
(-0.4374898537969977502192740425687062711487374972512293017642070465049121052879872, -0.4752694821510061825941160352190436119983889891201098797400242019708768135854421, -0.7633620026963589630748664036829866158114698375573037868140985144033120529343399)
(0.1796592282513815608836708390959194785150924047561586466262503344746829147620232, 0.1675458060715238560963511610083709772957041167300616487522074091856774797075418, 0.04217525442136580108444817328838423442379464824673328901269653717368469969733904)
(0.3794477828220238377196298768104096908795216948730898274777287803805609325284436, 0.587388761869045653362057134899374105830080634862186420999187375585325364558216, 0.2079438174104312972364300854958456288097452295370328180886468332622415572032931)
(0.1314693430719821523400299230727667515665455348242404011620495679931240024052212, 0.4685499749727958352942264300821833013740113337796297549592714746504908991762634, -0.002437856993948469418679376727034051150360997054014613827956160578535794411895336)
(0.4044876078324312079267463055936598209892379070239705833687787724288472262022259, 0.734149048757881051764326247104847498095725778430016560941714582905292540110177, 0.1864805647667726435280763360594100795681806979193090235847815014458562599448577)
(-0.02170999377345911957979259550581271258178679489820520093308694241414898897552763, -0.5587678886981566929396348337627151468894585807335474434178663684133684603995539, -0.5895425903620837269400287669348378733201803705369292104861176457211968917169678)
(0.646085573283981430803368286158496380696152845907706398453924869099221529024379, -0.6397060477676227753908563234004350382191285356335373209298535638636249713950075, -0.1398474333467719900047935259187473150285262676563396253902727146132287055149052)
(-0.3132887109324089254319080017512337555623299737247685065483818089947688326585692, -0.5997179472168341021278552978100476152082404526889568203385854750015448288886682, -0.7363345485500025796450779920942992683406603068547135226951274160351331750525195)
(-0.4939786674487618517358613961997620205987970745956402633151587025682046468903186, -0.2014299260540878207478127529208829925761415736893505820977816415418511048248696, 0.834095292010970306156044333407874294475555127293589085680572335075860719480152)
(-0.1193820929114073500079311561715117146803524813968882278805441330866011145777338, -0.7305753419806420583574298397822891875385326264854856183977523964783948660446333, -0.224078320830660269654892737345537978884870316826651412270791476411053487055313)
(0.1315085787563930482428253415517295851756062129131897490624539273159537318468311, 0.4788963434143907833341513493383249280623844259618791604099348686371289686268369, -0.005677461990266744752012759836096334892634442115622938662585862883338292720280978)
(0.126293273756398080472779292546166730921747951692689740110760114039643175531527, -0.8963687469087315129620505964531139876358147418705873589065539573846217445982614, 0.424938911573371827882234444530267109402541211399617038688987212561597773468227)
(-0.09799513598470699018013864004087878562669477466448207585725637872823780021440565, 0.2601953295818234017840803291935362421926830967488347899012691616818599983999362, -0.4915646114464134817636542781485416054918058624904311570127659282247550886372664)
(-0.266909467025624762061998915246811094063577057697497765236690542642121931697267, -0.5173142694494052324054891003814243387721640507106834550455732987142749463504845, -0.6679522162373112502642239545025489102011717243144045702951546373805103857713082)
(-0.04899680649656035404433203031558737376842433725400030050044539682004057629000858, -0.7654415866118804865300109455020063634902735647794677563319260708913462257034371, 0.05547527840127557118727234766832574063372346091155251962787754283887848641152102)
(0.6048014531657171174843886667333980904520231961738098638208875038166881087567384, -0.6852646573047475964854619318972498422668858075672727858751978669599775179144039, -0.383022007005090449388922887047114405257543031854624887127230339446937534069835)
(-0.01207706375055828698268007442232471785135276086631989983652630632959908299845008, -0.5807409538682055841711076412003435949523135089325235063615551445415295322291487, -0.5235141203102306238529516936532477282324059560192036434030732084186204697377042)
(-0.3623171318997983241467291271537111903785491540647415630820675677990189421583226, -0.5314172744024683008991582923153699661511209345795609220773845051346872545562204, -0.6049184278660248227859197037319958960559175884980506347228441045050194281359241)
(0.1262932737563980804727792925461667309215614996194243236410484372578114851058708, -0.8963687469087315129620505964531139876354024433962593610167874785834611759010502, 0.4249389115733718278822344445302671094026506774210162541231610231993366508459345)
(-0.0526425040891776694086173374094334738304847290149127734295016465699516192070551, 0.02633025877760558747680291414319227423480563801951808262909936225117452925260422, -0.3062414065672521183397898680408702753362708504398784817125306644322034944337506)
(-0.3124468627933665834843724527774809856117584489279003740561872769370493386240976, -0.6002860663217215352799197256600107439782498634071194874193861802717532785548035, -0.7341105813826123895377880182735602789293968056219673497264326355465170817592662)
(-0.4322612772975177845414230146545969389404140674343696736014673745734804799858379, -0.4791747954036664572488809113526188967973283423970943439179590758481405484769576, -0.7523415908908055452465944665069569967308135611542721958193388973503057432845194)
(-0.09799513598470699018013864004087878562654774706712869403969880726939184581791783, 0.2601953295818234017840803291935362421928904976737800594533954477477464009404938, -0.4915646114464134817636542781485416054915741790087533291634001152909307019109309)
(-0.0262214591586816365971149633312316059115730447269825981034680108062255416998525, -0.6432834455206661315587157937323723521985304843820859071673693679851652650307722, -0.5606100864218495073669275231817049382632083424870371203622245540270443756223662)
(0.3105242309784168595300491146567620097927104527371550931205456897009622423505591, 0.88610727090293952648194865735925587732782512502386878113016957382817047467458, 0.2970552233955034279210199466469872339129799140831702406609583203404447207498548)
(-0.313148280851353814634126798251952890154487590962587431093278132650130513859962, -0.599812716104770417363031675398367889463991594724805818808663587440823484702211, -0.7359635649068768906896113676216239030242491448949875797309893933717767204919148)
(0.2876104339547952312935468845041191871092528865467598488203463751591848948357486, 0.8004232930763007771474528136429536160497928391589301886322524285259724023712146, 0.3187739350430348600694448830612698993321053554850814526200851337760233897910392)
(0.6461214355336244360827278043125158229339580769856482940031931425194402254149554, -0.6398717441901001651495606824726542126351802937075963011517262164507230361957903, -0.1398942385530372421074636113286514070661554398798172904792159806110037336056597)
(-0.3107441652369418652504820331684936382823585074412140323669376083128537494561362, -0.6014351274965201614464167387518172009892709678653980301448766565540923001149423, -0.7296124500856878032826417498403633280603364405397944014348250032118056946288309)
(-0.3249417176410861113160487153137473570484996249795792671543357050851242885348976, -0.5838169222110925773878372822026226882082754635994275379211962509725561009638772, -0.7075642150608755881538158193359269986930445912644919905178567459275709294140584)
(0.1880313199339048200321353007332255063806619969976246722940552944190993049945228, 0.3344535333709342543893704745935912480177483373321656610827831370552448966155922, -0.01787300032718792895536610285326436549973822488057309313413022131656955948855771)
(0.2977604323396284709712621688009486970466194899202059917536328211361283877516326, 0.7626146434266578292769784577325307683868670873218445873279005806192664585882377, 0.3059151982319845445343881677373173168149698183810777182285608928969978355392937)
(-0.3132887109324089254319080017512337555621323697536145486127061630919130742945466, -0.5997179472168341021278552978100476152083270152100307727426804979970244410419043, -0.7363345485500025796450779920942992683405201854177480066700522985317841659295444)
(0.1537530651772870843486299195627810596888472992214498228128014197516800511459595, -0.3489247446238583072320909134878075026894799348046332931346987683827633238654362, 0.2279854364906994834554474196708828594617505215980037161001471699260259579347402)
(-0.2789027750833531626123335533644321663345140056473446732601351105942589136099744, -0.5057525058925454733434628367641677765250528502752148646952546302590893659661817, -0.7012871313076464152526513069362442659746714540778961781183645159099326879312556)
(0.1262932737563980804727792925461667309211755623912045913038509327604467592672861, -0.8963687469087315129620505964531139876358602457431380854680621038771213574811159, 0.4249389115733718278822344445302671094026117494290970181252018365854707344315699)
(-0.3132887109324089254319080017512337555621679249161062905111623783936836344214887, -0.5997179472168341021278552978100476152090835554929592094360938830028851375109909, -0.7363345485500025796450779920942992683403384687920567749885926175266756157193279)
(-0.3132887109324089254319080017512337555620209782621655577639924399996926400708872, -0.5997179472168341021278552978100476152088414726635236189768502211131389683265357, -0.7363345485500025796450779920942992683406603068547135226951274160351331750525281)
(-0.4374898537969977502192740425687062711485982391034784651669022989355767497331925, -0.4752694821510061825941160352190436119986050530652505344762394399892499759823693, -0.7633620026963589630748664036829866158116474986037495324808585071971663119102225)
(-0.434761411038991255135451488995720616000404599380960017906897037098089230875914, -0.4785176731658473078970606987249172070760323674381533926803708022800209218476864, -0.7628629006698221607420085586549465383482697655942761425994538065361577450076014)
(0.1262932737563980804727792925461667309213525366957616773668922331114907171098359, -0.8963687469087315129620505964531139876357167305227507635432685360295812109814077, 0.4249389115733718278822344445302671094028640089421902153855312684906922729046544)
(0.1881526505632201257305926987801972375985293701418109798485372628808417771655537, 0.3368724055427594739564340297648910995533793567676490962732969080353748306619418, -0.01874323596413594524589225771972666292576549198382763255340560074128912278026094)
(-0.4374898537969977502192740425687062711485239590839778638462665198732592819635084, -0.4752694821510061825941160352190436119985799954384437059148919972808899681988909, -0.763362002696358963074866403682986615811731225606314950079489219698092470335137)
(0.3122450509162413716382449871240229964524005807276343587484157117440262149526526, 0.9027565914970235156607251981148013302185059431904266516353747848869985887912021, 0.295860718391255926500625563018207423952540976277806521833439583225556860944886)
(-0.01536965386138827521019811076134195268445197813983740836925896092720784385152632, -0.57323043558233319530120780737946768185658232533538055933378609092779445195651, -0.5460830258259064192866198417695485937221840600041573662973912333439268520716583)
(-0.313288710932408925431908001751233755562069708784574814893480978170237981891889, -0.5997179472168341021278552978100476152086549895747695286001351819520751497459344, -0.7363345485500025796450779920942992683406503971956741698622789214906927662984346)
(-0.09448700553452758731977337454462593176902655106575462843048365580422136622711757, 0.2421053281457102054712288881435239955413976455486457218113323381291547321061482, -0.4772294350522622519674389735164558910771796083434265870349460093991019114638183)
(-0.04992058965830313832196958435071311190893848765943089952231474913141571552278538, 0.01229445347823895840731654599470357304430674924379152128028376772448242991226549, -0.2951189229394335598832101801294985377590260148084534355688130622630084640687781)
(0.3794477828220238377196298768104096908795869926277678648646264471608107665095195, 0.5873887618690456533620571348993741058299697766567916852407523617622868963121183, 0.2079438174104312972364300854958456288090633879764841615459483564456513887565174)
(0.312245050916241371638244987124022996452592781347476136881861736764012727376237, 0.9027565914970235156607251981148013302182603753678095885484873507834761128501891, 0.2958607183912559265006255630182074239530768953191587782604378550068954008690647)
(-0.04899680649656035404433203031558737376821372586338424834295323452910263476636347, -0.7654415866118804865300109455020063634905684874240787453216927333839969008554424, 0.05547527840127557118727234766832574063351902544037788695895638026607751715343634)
(-0.2789027750833531626123335533644321663352628884295591814774409140076292594882782, -0.5057525058925454733434628367641677765256484995307648571563701592015258813361844, -0.7012871313076464152526513069362442659746086122783500029570326481311490871602193)
(0.188162681108809680923081162119382765263758417822164807927842605674213548986437, 0.3370723765453967985285330369109365820175076740461200881784071034740016678722504, -0.01881517936605615217008294791453298070607907538417595933801680776453250428324955)
(-0.143521564965094692550357745099572717834329225515151303609091861455329279671109, -0.5759124373744706208678965931552714210571741531871226600326047724039719978555772, 0.7374997534223271180491570012817967357022406691248955494132356219892255321665123)
(-0.2771154254817622172531031185337100118960151666442372830660228214195020373346793, -0.5139506226605105592504344073405821405376505404350401495451035622478556397299211, -0.6762846890921392204727736004714026227139141135321734572478039689575895955641538)
(-0.09799513598470699018013864004087878562654419556026764188514388245530829468004879, 0.260195329581823401784080329193536242192917901845722522324865810724312097680759, -0.4915646114464134817636542781485416054915405897013616978530412099728642468239286)
(0.1262932737563980804727792925461667309215233877176003687716735921184157038661003, -0.8963687469087315129620505964531139876355880778445654126615632321003056972087863, 0.4249389115733718278822344445302671094027026221539409283689523518951741903551962)
(-0.05264250408917766940861733740943347383044984049808799133385816441000480570169794, 0.02633025877760558747680291414319227423500406261407956092231619642788661789781768, -0.3062414065672521183397898680408702753362882946982908727603524055121769011864289)
(0.149435351663343622128498268318211613433376508159078752546711231282142462545137, -0.4350035618502190254346054606756214575156166348033351358830106443234934896814153, 0.258953941238178378027373603645274066179759297311997761291083207710890770955933)
(-0.3091828847500999093799855902351847842442339134818137207393056852457071759222095, -0.6024887537166504113706420707354953947438621753161839952537324403761326380188231, -0.7254879098262374696786570377978529040385804410610815122725159493439442781270929)
(0.4044876078324312079267463055936598209890327938182423005148439488513886176920876, 0.7341490487578810517643262471048474980956798389102702616272795005405977420087406, 0.1864805647667726435280763360594100795676272824573812856875688974033337183896616)
(0.1880629182483104660130682598392918337177973770646439506662431963493002862848435, 0.3350834838115091075225516846222427339045208094732448128262239613634082674711513, -0.01809963707520825901470415930030662192919322083673934229991152222925574064068536)
(-0.01269764525239461420455906418968138679396307991506081094870165043808456327981946, -0.57932538479931805738150131986669951922432164462883217709352762499092234787342, -0.5277678673021966825386461557626190726127985483039256997690257472631621679535103)
(0.6048014531657171174843886667333980904518685622312760698613026334237541318732001, -0.6852646573047475964854619318972498422671050441274591336771906865016088317236639, -0.3830220070050904493889228870471144052571942954789437659922307216487778401821433)
(-0.2433659258856528606133676162638375606229819474912247006396138090686727860717443, -0.6202639655263656319358506022796268038320954195118845670941542430603146263303077, -0.3542017604951856175872247904512582946137287246143322923757358505871996028537725)
(0.3122450509162413716382449871240229964525134266291091983789488736736141064651613, 0.9027565914970235156607251981148013302184658791415881662908902129104066079467453, 0.2958607183912559265006255630182074239524892243687138792154751394717713628634195)
(-0.2789027750833531626123335533644321663349497536333563447934212049227043653845863, -0.5057525058925454733434628367641677765251141214729640345329911256472597046944684, -0.701287131307646415252651306936244265974535930806844814963151896207611250257348)
(0.1880629182483104660130682598392918337177908817862949371906367522871488810952911, 0.3350834838115091075225516846222427339045533653675805105955058463730486779847228, -0.01809963707520825901470415930030662192910363536434792065628104243225753246645667)
(-0.09799513598470699018013864004087878562682433481218617312002402022857964063152521, 0.2601953295818234017840803291935362421924907286133985733557742662771633894023926, -0.4915646114464134817636542781485416054919547203664990504385223126005549556959828)
(0.3782618698770179288086944768009464621233340659619925405593287411320141774107436, 0.5804380374146250611335271561850935309185976100681438899950444854848497921781126, 0.2089603400555163873499171637623950175231253256210354541040190867689648806964272)
(-0.3132887109324089254319080017512337555620574404905250864335987504950501144447212, -0.5997179472168341021278552978100476152085936155684823189314662198591979398391825, -0.7363345485500025796450779920942992683405262299525673809490133840348058463421804)
(0.1865681350757496489101887308877217524072566602378599314344386747796579891631294, 0.3052831816172151133813257122819054967941671870817165271744679758946205000733254, -0.007378407047692500430383441436146333488733651211681365675966775469749009964099384)
(0.2187223774622552780516682209338786019816468297753121392431766075767037312908995, 0.9463167158018922241865963800822750757352694005877354194455523218606812736621644, -0.2380025104724306642290825318224124957259730727343971130788321433498365957712071)
(0.1867481843474626282190484215696962756308508432544311905932169804653232231217721, 0.3088726806197475558831031270030173456503583851707043151303589096572852783113949, -0.008669798129527146107050129703015262888157949120278794040265983353213021672575601)
(-0.04899680649656035404433203031558737376809755400888731558435042144978900735918578, -0.765441586611880486530010945502006363490354575110550802449083713770728714955588, 0.05547527840127557118727234766832574063353971261329181944419092056611286440568593)
(-0.2849230978957849270927469206660205651718521520359852676032234333143828376585433, -0.1447562973549633921326361303884546648614045542692743946383264800694136780764244, -0.6412179925844124508430059177029746132767592538427895704687943790852845362897035)
(0.2187223774622552780516682209338786019813349175445347145050843448250934723307216, 0.9463167158018922241865963800822750757353284862123533465231640404780549504027742, -0.2380025104724306642290825318224124957261844982517150842471328471197535970312985)
(-0.4215259799088242417136307383728242222783411364546020933915601778795694307462893, -0.4561127629103613228134839803139446826326882836068983376961302719931831159625684, -0.7436597569742719042951279104615250827287422660298181333167001602983348963555053)
(0.2137087936616394780947718597078381110372554662449206474226928671452310709825809, -0.6794512328273408191968956087751433556892569862802411047074644474775353418754566, -0.4146873329099553786641102980026777978556628717850296750935213504686816696220499)
(0.1262932737563980804727792925461667309216417070926568916477573431856134563133907, -0.8963687469087315129620505964531139876357342818303870745441021745496876259997517, 0.4249389115733718278822344445302671094025703604735018359896410051368843497360068)
(0.6461214355336244360827278043125158229344629407291827315548978579872562795485967, -0.6398717441901001651495606824726542126351517103033588008234339449796963953982383, -0.1398942385530372421074636113286514070658698011048017710676932569588302665305516)
(0.6498251502431109979146299270587092984061250118741121522671080629560348188646518, -0.7454344485268345981655416978564588603565143169036170909633013407240141632815597, -0.1485084410429663036688376191414203775730219631790445367983394539516278135160879)
(-0.02363954818044634095484645982146569927214681403433191572475509272409957161674122, -0.6475679084416855213275872619049796005540612772794564335194291940499960038985704, -0.5439257980985077104377374736177420290620536229767334920859514625878550761020599)
(-0.4374898537969977502192740425687062711483330114512153525073690079647995691043905, -0.4752694821510061825941160352190436119988762584938820149243747729483223768215377, -0.763362002696358963074866403682986615811876896732460469083946480580622964812955)
(-0.313288710932408925431908001751233755561966168388100833165284363643913634749153, -0.5997179472168341021278552978100476152085005793820883771595832590087819108075897, -0.7363345485500025796450779920942992683402942324596370790024008159213951634943808)
(0.1868545662676405111522540493706344393465033817843491222401034819323580382105713, 0.3109935322773689486289421309447039492443721081024111852726892993983359689304985, -0.009432815173023799858208213902439352172516555543212370223228745677687178345530436)
(0.3390863726859833044856111667174560010832748918158260867371061753764845975044739, 0.8516076087668607592167765083258911604255683078157707895279877893742676953460293, 0.3774167739798828224228764508123532621635951368581905400844891977902280319278564)
(-0.1962207814063667574924582963757075869658156700802348691023818535650225355193197, 0.04740407826898395125528420193330425645415790096607408997850687337231363768078517, -0.5702034614158274819730240662802631730129857798466463912672201589558616210492206)
(0.1262932737563980804727792925461667309214657995747698223659016179441513316783279, -0.8963687469087315129620505964531139876358922133496885768178981072709472410775086, 0.4249389115733718278822344445302671094024644479167623938252813510288558347426661)
(-0.09448700553452758731977337454462593176877890984970191803914903803578134582915695, 0.2421053281457102054712288881435239955417821549316209637196063135290858374232964, -0.4772294350522622519674389735164558910767549872971204762591001216762399868697757)
(0.1867481843474626282190484215696962756305869455611810893976836248947966998505583, 0.3088726806197475558831031270030173456501857205540281234867930598670214116684987, -0.00866979812952714610705012970301526288867467412031537869031969590883763403585465)
(-0.4374898537969977502192740425687062711484312064725346061267929919847197791202848, -0.4752694821510061825941160352190436119986364484952482676442441562491699658804909, -0.7633620026963589630748664036829866158115764407800032154511509237795082940456011)
(0.6461214355336244360827278043125158229341542623443516820032389541640113125731769, -0.639871744190100165149560682472654212635281227136003986295860869408166802493794, -0.1398942385530372421074636113286514070656478049776014261905830499593479013556989)
(-0.3132887109324089254319080017512337555621679249161062905111623783936836344214887, -0.5997179472168341021278552978100476152086221918835988687051156617360462212979268, -0.7363345485500025796450779920942992683407671593824699933979385421687837903369159)
(0.1031408903880949996939752769414618621107061596380674711179867626371466996071903, 0.5323917524564346632063372782838133463993119372398964033468094726221032084618344, 0.006319223386423362145177359359299383013260459918167603019263889469336230084840973)
(-0.3289259873549036269912981254867278672248337202094088278280531563968863541004416, -0.6060629283532640971726757963141158805890393990599489424701350351460251915929115, -0.7120795678143075790596071993564461288149611033183330156238141033139524291042299)
(-0.3049056263463503125083085761060587024604598765268602714819559898074750611966228, -0.6053752508210744341142201499395600457721806865206701068495276784429652148211966, -0.7141883870082575474765293870102926567593600422682871310956733354885068783674787)
(-0.4374898537969977502192740425687062711484769586938094944848201169110320087920401, -0.4752694821510061825941160352190436119985068074932413839281570059867238421480518, -0.763362002696358963074866403682986615811581666736455936011729002883901756831331)
(0.218722377462255278051668220933878601981297824197486760828663909689263748288439, 0.9463167158018922241865963800822750757353454359946161518327084490118603043257386, -0.2380025104724306642290825318224124957262199776508266996693152655160945641293633)
(-0.2831066689124959361654637707076092554837117992023627045019633193634823114263004, -0.6290372882470875793021710105619140477949239855957733921034227331351769107890995, -0.7229285955065536342139252262256371996668425040504480338224608065898745068726493)
(-0.144685353498828021443771147286763821030068953883596470886235164551815977928866, 0.5779699759528537847725995218652384632445029425709742628675442300903413522800717, -0.4881568545574822945680521865240253972991373555560559400765069763814749956133019)
(0.1066121151969309651572593860799379992743389129668547060746265753526460233597789, 0.5206365329190468655564802095351573352733291966248090085759956381618150681179177, 0.00646245615091529354625625719036830538565923326188041490491470361070521442353829)
(-0.280443008999643512683631329613776090625763654565387110439458439990822374769469, -0.5042676928387416961434081533756095696300160388890207754436632278757122565087695, -0.7055681492337142043872924315911526425018053094467893513571329317248858991342771)
(0.3122450509162413716382449871240229964523738365739742889213871467697335456804435, 0.9027565914970235156607251981148013302183193065854996913349061516574104637051909, 0.2958607183912559265006255630182074239527528995957277535626493195200159487468203)
(0.6498251502431109979146299270587092984063606758473949112192152879093902879365742, -0.7454344485268345981655416978564588603562219558106616877585524566111014466094606, -0.1485084410429663036688376191414203775728907221751619216996037875012838468530582)
(0.6498251502431109979146299270587092984063565202769650272836173870880058207430442, -0.7454344485268345981655416978564588603560791012558000408083525368562222354850784, -0.1485084410429663036688376191414203775728990333160216895707995891440527812401053)
(-0.2684817485090881510374227826518888391387229731808196445704703139396692849404196, -0.5157985619674383687233715917286489734011208351667277736261644557139324157464025, -0.6723223090812233873093017269148098383382778786581848774630673572120851460143422)
(-0.02745618248298557575143528281842863064568763386461303026226710696076395067384843, -0.6412345265822162231811135902772322541427636191045447911884809340247114035387626, -0.5685888587791839004854350504763783472289004561308640299019436019411199940089399)
(-0.3049056263463503125083085761060587024603781866295176321974508974528919287185433, -0.6053752508210744341142201499395600457713790792684013351573306386605132312761754, -0.7141883870082575474765293870102926567591861917221806139611260723326419024110465)
(0.1262932737563980804727792925461667309215944386055084031586805928888890240945486, -0.8963687469087315129620505964531139876356614273707734009869841181419449440413895, 0.4249389115733718278822344445302671094024623692868098270249092613562933552865196)
(0.1314636882661541942507647640967980883867339061591326924806669929240814830006983, 0.4670588144274865956895478712464361535575593033134583667174808013505760757635485, -0.001970951994366625086642869057687846609571396605362005427702853296226637347993386)
(0.2187223774622552780516682209338786019811103030339164589413897280796493012459894, 0.9463167158018922241865963800822750757352650347842403747628234563439267485961026, -0.2380025104724306642290825318224124957264764841324103915671686990829925015058964)
(-0.2684817485090881510374227826518888391384984495888044929227791465284615336677878, -0.515798561967438368723371591728648973400759503230995061049342864836180717342594, -0.6723223090812233873093017269148098383382333351578313996708779297463795811058498)
(-0.313288710932408925431908001751233755561896360835135129452780355432315744200972, -0.5997179472168341021278552978100476152089187167239046432455530772895259736480859, -0.7363345485500025796450779920942992683405620815503672434593446842422888210444137)
(-0.3749316363972832094787723888935037705859424009287956881150077744753637919230439, -0.537952271963470256041574163410318782983054118139079678800653444264610461650118, -0.7497486871241184251950398187567471485892665480210347794360160714002924376178706)
(-0.4322612772975177845414230146545969389401132902535466375183725487199114201414906, -0.4791747954036664572488809113526188967975209158613649927827412293748311262311122, -0.7523415908908055452465944665069569967310245057398625967285762435004176095425264)
(0.213398011441188687638232016760201880477144563046977676205463508142771376328768, 0.8401690688833158080003942801152161666461185072177831389761202711044229405470528, -0.1998138594958816168967999579760967964206850505906081773590386476372385416743443)
(0.1868545662676405111522540493706344393466392909184469646037546336776241567839, 0.3109935322773689486289421309447039492444884521356353449069079751790513540711518, -0.009432815173023799858208213902439352172174221498908673434630148897618609357908157)
(0.218722377462255278051668220933878601981747087992600347745849447911659108945238, 0.9463167158018922241865963800822750757351887510165293175453109535927936134018809, -0.2380025104724306642290825318224124957258509908841491224832123509481967100387371)
(-0.2914065651440314307779867188716085726534795242746008330041065924090807810517875, -0.284868431453998964224192649453193604222495702967234231385645079597722997300261, -0.5898446846110385638216143572382953644501614320173603798008819249707339986672645)
(0.2588910569038696505317430787029125972502542983313816264967838181952289819758934, 0.9276073204754205251544580266872664382830260771238098348173530624826789146427683, -0.00870430808045624906140609137362300935091005494603900286391003947756994733287261)
(-0.4939786674487618517358613961997620205987437123803235143582318555465301665160947, -0.2014299260540878207478127529208829925759827284200818193480048155187462414251825, 0.834095292010970306156044333407874294475366229691259669581818281008281352801441)
(-0.07755600274801786175932142581047689320377512428902745790101718400876854145645407, -0.6679805732138086665674984073834413832571945854344959383111600826063011701138796, 0.5594061131161589006586268133420192824922944339317034363497255183641645997245047)
(0.3794477828220238377196298768104096908792936575212860459210688468266657805515894, 0.5873887618690456533620571348993741058301428321043261398022926720895956447439721, 0.2079438174104312972364300854958456288099044817143176050496616688577610573955827)
(-0.0534881562164367117662021461894921189057919911087138914441727026548416745496384, -0.5980366676466794396926416877056135552963736437550791036426503094214808924994142, -0.7368072671812485255573998434789082729630187218590561120492643188476929040586171)
(0.1066121151969309651572593860799379992737343629967930696324908296347213066242912, 0.5206365329190468655564802095351573352732720922012828804059706398749736411019241, 0.006462456150915293546256257190368305385494303969142868663089368368869851447373635)
(-0.05002243364175862939283112361597752911877228766887137057416000708444897998468954, -0.7458439274421805455362604859786166271091975319361943010286426729897430495951913, -0.6247244289122800395335516460889020531846465469961296187348558831492514937983561)
(-0.4374898537969977502192740425687062711486316572660565075570788735595797260565716, -0.4752694821510061825941160352190436119990782385381090411307879248889413512618578, -0.7633620026963589630748664036829866158116038870755342933607316876120776765832429)
(-0.0775560027480178617593214258104768932039399551711093188280694348143486386465122, -0.6679805732138086665674984073834413832576930718841165370331198609239176831001519, 0.5594061131161589006586268133420192824928912170346596472609009159552262123193592)
(-0.01536965386138827521019811076134195268437895215460490381090809230220973541712469, -0.5732304355823331953012078073794676818569091318181927768192549890333595153441978, -0.5460830258259064192866198417695485937223034690158190585319519240172198654572292)
(-0.3829334934567853473579139544647596241340738882343582788895158756057683748470972, -0.2939599964525899845156434643720143335533457700578624714024427590248881276465167, -0.7080700365154360671192761968325377654865739475916147282692093453394135687317354)
(0.6358123742630852281236859995622140117231158055673691294443292444143896208862602, -0.6734513952041653384448281119963936596153050859360868257525227581228834062219206, -0.3683825825769960630072732645692246914660795403253022639314270300361767766242371)
(-0.268481748509088151037422782651888839137939614655463123084566870272995569512965, -0.5157985619674383687233715917286489734005003002198526723491643382747443014577239, -0.6723223090812233873093017269148098383383444929505874477680022102142289270209859)
(0.3495306253541259450589022289468229526789822250727654676285361401117624164010363, 0.8463941499030788397582766525168186118733095448537583978282871282593284058948237, 0.38211398517232126346257667295500643821597776045969108848756989715197349176441)
(0.3627691352773811727971265490123059962974004130044394223155499730482596103951703, 0.6658963123673070376548237606569407987354017916077483055425653620901928656407653, 0.229773575733584246553072377709504887632942748059964730068371188276403238763363)
(0.6465201344211808678225519942690639579604741168197995472825798444272892832091747, -0.7351276696683714965293277568563234345849987120095237219449845063140569564212057, -0.1797267438672321932675858551371778823510588208095656619859658155331201032302027)
(-0.2831066689124959361654637707076092554839764715523448594109172068018038897025899, -0.6290372882470875793021710105619140477953108411716585010943393779031087014378202, -0.7229285955065536342139252262256371996673031373270687276806744046931339978598429)
(0.2726251878864271681691543877067466414321117575376633626993293879790168744092744, -0.604511163669508840605119695966807314298091455267671147512502839705538563021816, 0.6255205218307309573105450494346215454787730498175107253816987811420122072574043)
(0.3652898462238393954724493634710182835359475071729466240559664078077090800409775, 0.5044080367226087307759733450038595540476397963632309105637436050002864873609475, 0.2200795000676956069660738570200513634406116515343014393147433679443396152980779)
(0.1359175190000075197399240818452627538403249848359043544041081712451072118185956, -0.8032520058628810916755975839274860352000859799735605313916089387343504914369177, 0.4182582537933774963986508212683026779599986981075863876925239168694545976229176)
(-0.4341328199136164278095037008659908372736248078961731910526130043517463828200869, -0.4679969675477395354196020063713034996002265490977899544498625387030614704294505, -0.7606743819353631811339680986865331421723852132646708524160967178281978020858504)
(0.649825150243110997914629927058709298406393635832188805529079992287944296290372, -0.7454344485268345981655416978564588603561569722290004725142873460556772568658801, -0.1485084410429663036688376191414203775728192255539010660478641867012174484740243)
(0.3782618698770179288086944768009464621234276729241510562070846562404113907020775, 0.5804380374146250611335271561850935309185695820276841161150231306143207793107085, 0.2089603400555163873499171637623950175230132134591963585839336672868488292268454)
(-0.2774490435110467206171428053411831195364264978632716847513176675294095968225073, -0.5136343637865316232717463035031481790389315112735066179575131835851548684514212, -0.677195398375675810518072441960270067036682888754737946866910101172405475134954)
(-0.0263096523718284968517162942927611250922861456158102136729546631342916718482394, -0.6431370963417833082755707193652407313036265512642221111175305213835742193920418, -0.5611799902677636165356949766921965806820606329795919050591661290205053951873542)
(-0.1006058243904455459084120906926957681047005089416701246838681251899578885489189, 0.2736575875222712481533836736194349344040914000816646980279158976507031371145437, -0.5022325952451669703288682261645893978511347740556113194429300575342279566760615)
(-0.3132887109324089254319080017512337555621679249161062905111623783936836344214887, -0.5997179472168341021278552978100476152089533911670410644480486661707479341463746, -0.7363345485500025796450779920942992683402100210981703370205233096790258923651602)
(0.3495306253541259450589022289468229526791708984496320187761772194216508342892588, 0.8463941499030788397582766525168186118729845072779155213949563124578319104304748, 0.3821139851723212634625766729550064382162231610918780667509477205457355393042103)
(0.1080452780948281832255694015411290863066688923680007044435830820918741498996403, 0.4174515813300676981453956812630936618867279504877088562411788571737640342729472, 0.0369355061872157187498134441237550001630490816289984361332582893147012099868621)
(0.2187223774622552780516682209338786019813504815269593913590098567269444858157529, 0.9463167158018922241865963800822750757354118491864092821769697881766938634962837, -0.2380025104724306642290825318224124957260227031986359514670905897540442897096637)
(0.188160712376027344849084306845019893170116608372515150508898377483204292240705, 0.337033127487118387107453009921251429496881121964134481390973536917718087985868, -0.01880105876488161801635521074226693601743917320790961235584306463737769499486002)
(-0.3132887109324089254319080017512337555621679249161062905111623783936836344214887, -0.5997179472168341021278552978100476152086222827108147206991692042729281988586353, -0.7363345485500025796450779920942992683406585976205304508912822484177898240201069)
(0.3122450509162413716382449871240229964521717311972213109527682868503345615175776, 0.9027565914970235156607251981148013302185440847788288262679826890359471976970458, 0.2958607183912559265006255630182074239519833753253895251106505823461021983156829)
(-0.1793190742389565755103050978212099042039167408335963052702422787108781387399166, -0.5333961037036551153485030529548646403460765261376315647753876640064526601988472, 0.7789685610229476937749239765588078256416400794332726321163889428577107421444768)
(0.1880313199339048200321353007332255063810259747317365301087004348487529222849397, 0.3344535333709342543893704745935912480179652472915217812600759349571284243261544, -0.01787300032718792895536610285326436549908456386295518447882479180931940654365972)
(0.4849718656386625488403666722823790971298003331556921462847973868786264395288063, 0.7185370958278966371037327439180270072815230186044748823988659277534100766895108, 0.336151628854395287531891444264261316924073465357148032904325777324294259955519)
(0.1262932737563980804727792925461667309216733752226165043676246475910510813034697, -0.8963687469087315129620505964531139876356052822038760398034664577981271598296458, 0.4249389115733718278822344445302671094030041139835508271275106373654454398537735)
(-0.1126999861139778950089322727019257413647864015564482391036933583537193158702202, 0.3360222589774325134051363092053295745223475141105561636308431424629755529676298, -0.5516526336697250384250137769496051432282194842634749786789971660275579353863461)
(0.5248788563566327857589625874079577785894161881155047823581194849057283155138488, 0.6795772245780174708788208478239519295425629402758772682917706179502652413040299, 0.4243713091247476760615583259114699963522181277150574721270936900213161704294927)
(0.4044876078324312079267463055936598209889674603929784465497686621316165043116983, 0.7341490487578810517643262471048474980958109087405082641511190974126940703356915, 0.1864805647667726435280763360594100795684472843762173241813908641738339599433247)
(0.3635108325838638403193121941560418893991535646274917244671566296270923476138824, 0.6632437111339563797031910977100350345967674344436571419178889298317137346654897, 0.2327577009655257333577394773871326903462117714443719284507816743527274591530209)
(-0.2678974245299498337827644315357652466439306757324968942392812810132494132721903, -0.5163618607382931105077804143821157001286207456960134616376694351132699432712321, -0.6706982041950335950517579836220451543205064754135542495379924026193130275763168)
(0.1796592282513815608836708390959194785153596484278160296574855883675983582667262, 0.1675458060715238560963511610083709772958683255926573833773501320195239475790102, 0.04217525442136580108444817328838423442428833647635962943373540051873081196168013)
(-0.1006058243904455459084120906926957681048642534818327310553660819658067883623919, 0.2736575875222712481533836736194349344037844691529034487376065805182249464944772, -0.5022325952451669703288682261645893978514820278038605911146834585298470328717832)
(-0.3132887109324089254319080017512337555619389420748918222017369484017025290848788, -0.5997179472168341021278552978100476152086684432628118285616493508128514758695443, -0.7363345485500025796450779920942992683405185222286071614766828165465004423032663)
(-0.3049056263463503125083085761060587024599649859556291509736937886120032381753752, -0.605375250821074434114220149939560045772054312497412110954180609640704183151693, -0.7141883870082575474765293870102926567595150927629627410767069148767676525616549)
(0.203102301692288903900858428543190616702362694715758999024426352816724666377123, 0.6349116994841636147819563682278709430536041180720036775763655239274564534635184, -0.125968585786125537410808586125566492787821164518192813674204084420102943250799)
(-0.04970057255347438743556453610017344553603454817367260835597347321042271464885571, 0.01115991478338568357908639660198884746761220936731015244533963308167909684392055, -0.2942198731314968812018137475115879856164572425528899941889543679653325682976614)
(-0.3131482808513538146341267982519528901546041355565763791220345323602602581660595, -0.5998127161047704173630316753983678894636696816350756624737079305760550463765234, -0.7359635649068768906896113676216239030241227950863778444727044456302852571708934)
(-0.04899680649656035404433203031558737376828012031628747324671583065329551093908179, -0.7654415866118804865300109455020063634901301369526723518024521335565991374929649, 0.05547527840127557118727234766832574063370586459101664100587253607678015744347659)
(0.3495306253541259450589022289468229526796133817595779857878161870789285169263771, 0.8463941499030788397582766525168186118725540556531584548950749053915618202294749, 0.3821139851723212634625766729550064382164158048779783253776512956848928902666354)
(-0.2875390056694096482080758856904247463092563294579688477839937650659421878451098, -0.4974270250845908386779748579497743114136339721895648185270985594862478674164239, -0.7252911852123996490590174629055510579647122552283285994918120960213434600699739)
(-0.3012023569994337028900729511444185522903067045286735123228910637232095045758257, -0.607874392850325287952386278259123278154669265689611140836512380298054236384754, -0.7044052099035198808057360322201852497414175602242790177812881036381806796943814)
(0.2133980114411886876382320167602018804775362708247169471160689213642226945042985, 0.8401690688833158080003942801152161666463548607528155438642230879508335265006429, -0.1998138594958816168967999579760967964199734787892568646194555460455854705333394)
(0.1882178912959835996819615588090045630223862977440868067166359753616007664276613, 0.3381730580972018467340998792146482078952928271146043518021324645089850150223904, -0.01921117065590973135461150641370203952840144008322069351937064861875099574702951)
(-0.2773751330353539941564828429401536023279804441549497856832935680692284834623509, -0.6905821008459506320340779872766333987210319397656517428942746480246334509228844, -0.3829358893555190904859582240551999283328054127497857041212729440352416460287389)
(0.6658295749747108117763997754146835093285426903175083850401475846376446018144231, 0.6939055755272634253734739454739210938223390010728924119702772256459664335978473, -0.1047189380890416870520806316117657637659512550541797942856350335436666023546376)
(0.1880810067588342897787610946781652450545736363226796414419771974859337226685944, 0.3354441000465254163748631868537196634223978218120500121599148547085359759178933, -0.01822937567926868426286962975452607091695870643606310560223880394382606639390628)
(0.6498251502431109979146299270587092984062493832807080482842094539026688855718001, -0.7454344485268345981655416978564588603563663043386017560573260322291022911917098, -0.1485084410429663036688376191414203775729687560391837838107441156028291794225806)
(0.1262932737563980804727792925461667309216345950944257531371680636699507096776796, -0.8963687469087315129620505964531139876358444234752186838779637737095177219545269, 0.424938911573371827882234444530267109402518845650201600578004845314800675076478)
(-0.4374898537969977502192740425687062711485193308575426441665041202432323831807688, -0.4752694821510061825941160352190436119984858404603597835729325579208404206264569, -0.7633620026963589630748664036829866158117094224467071768739102597193401704855337)
(0.3931915912404902770346065264199205151240417109217964211588895139777759428061331, -0.7066064907493892253856102174116544044565848331169993387035359689829305914543678, -0.305141952536676976439209233228254379223404216462153581368300466375052556144496)
(0.2164015058426027549722956425737124304005928531469480184227081145460736563940689, 0.9000473458428242840732913268746956671066359609932553784189135461040922369349003, -0.2213562175816700252317755514172058754503759927622470645845533028698125923663882)
(0.1262932737563980804727792925461667309214657995747698223659016179441513316783301, -0.8963687469087315129620505964531139876358125671425227329383693545789081367472522, 0.4249389115733718278822344445302671094021254475779325799400830994140367775507671)
(0.6498251502431109979146299270587092984061081555441113890328377298342273516650859, -0.7454344485268345981655416978564588603564160471962810909463211154592836194394683, -0.1485084410429663036688376191414203775728415321605933341759049548730509751598959)
(-0.03637244572346447835409718959805428342528465802585998758691297337975502229280619, -0.6264387417662772031967566991131096507230934082128143790467967034220084014842787, -0.6262056813284417780162126206652980969165827935756553234195090975493351449526818)
(-0.2963024296433624086303406245368319029059054772515596478278638613693489339975771, -0.6111810965352812968169500635199716845319104382717181945187075660914574078327934, -0.691460740399915637906742492807993782131353327236867570450597142647852273226143)
(0.1867481843474626282190484215696962756309849673964906715356977736910206918833817, 0.3088726806197475558831031270030173456503898890786886935432812214530424725856338, -0.008669798129527146107050129703015262888051682163418773238650089570475548708487418)
(-0.2969917987454498500184607880170321136326025650937692006346756436574444450714037, -0.49510847722658310890154867783776227985337746264509497894739695308565576442245, -0.7305431405706175794119237615905921925248008658055356261743493821452824823879003)
(0.2133980114411886876382320167602018804771903228290031616697913205480101138220009, 0.8401690688833158080003942801152161666461345758505306937824617260661309110811401, -0.1998138594958816168967999579760967964206340069078895431359048330102175502871923)
(0.2981530799897815616653838864401117163001756280038827350550649602803725889132235, 0.7664135979042408341366108180522355024187699044078506960125990485002792215232098, 0.3056426423574827468296612116319619906419726019361988277668113372730840712960932)
(-0.02170999377345911957979259550581271258204646860246438782888876283000146586452489, -0.5587678886981566929396348337627151468889559036023308218920587802540856232035476, -0.5895425903620837269400287669348378733199752048565038764028648278862173775636402)
(-0.2684817485090881510374227826518888391380846778637788299971296090296509381986553, -0.515798561967438368723371591728648973401067064634672460176838060865773643256844, -0.6723223090812233873093017269148098383384888763516328813167706764823115798320432)
(-0.1793190742389565755103050978212099042037032770448019373731252779653178079039414, -0.5333961037036551153485030529548646403457408819268983446239080969417951137815201, 0.7789685610229476937749239765588078256414802270120732383002371079415779377146822)
(-0.1435215649650946925503577450995727178345228698903844189005316410623448731733273, -0.5759124373744706208678965931552714210573971276190331139012008911779541968533523, 0.7374997534223271180491570012817967357023021145624752068182381180818709664603082)
(-0.3112797789847774858561160930670279680400770618916907478580893606883381757940472, -0.6010736699023608052352612435661215724546972265761564697063437714714742529705686, -0.7310274171496339008870062761888198061911374936736971699680428280258600623305009)
(0.2031023016922889039008584285431906167024149209399091542164039338106749289754634, 0.6349116994841636147819563682278709430535893740671566107496250457159847536224495, -0.1259685857861255374108085861255664927878548648415739365060223437565409705385388)
(0.6358123742630852281236859995622140117229906634690010607696259911292646272052411, -0.6734513952041653384448281119963936596154393400986716549698366552694481130099985, -0.3683825825769960630072732645692246914658068462538146879195425653527861708854558)
(-0.4322612772975177845414230146545969389404940520849659199502857808355659748875792, -0.47917479540366645724888091135261889679759779443151039028695893193426180005533, -0.7523415908908055452465944665069569967308710988169042834650796542000834554124851)
(-0.2257631491484148218651836892323096177762881458736420926593243468329458003741032, -0.6334117806692430512622048153748966345560978148677777131098968567051834738211006, -0.3170999128728215974819854106407042878663099195937569977550936015833009399355416)
(0.08486806205205753510892706609936277353296410370685376784879124327456544375280617, -0.8684130467036869651955790137133376651058056440827027293539810145356541461584256, 0.3155031280157301237297013249292406453906880888476750152819064880114452018057443)
(-0.3049056263463503125083085761060587024601813866548080801778071081229777031777502, -0.6053752508210744341142201499395600457723268175930527764782985150798192723953007, -0.7141883870082575474765293870102926567595027898947910350649196562712641446619594)
(0.1860600030319148191151859668480333468825052306693472537862884954143066056893289, 0.295152957556062137377661048175108346253093294799032512768817842961252128649729, -0.003733864731249424212125961812979526777486940253823423094823761515337626171857953)
(-0.4374898537969977502192740425687062711485895840654314841018702765961504993861296, -0.4752694821510061825941160352190436119984054565375853069522696516349541585743379, -0.7633620026963589630748664036829866158115309912586278975237853257080169150444654)
(0.2187223774622552780516682209338786019813439407725859320134701076937860157219031, 0.9463167158018922241865963800822750757354516571363403422138044495584776127336138, -0.2380025104724306642290825318224124957258590174569597043530548687399580930382708)
(-0.3132887109324089254319080017512337555624386738391077029116574873451164306448921, -0.5997179472168341021278552978100476152087194304552278287319807431724037668370398, -0.7363345485500025796450779920942992683405488891376493072335019388391761557444802)
(-0.05264250408917766940861733740943347383051240592813423016293168547859786950434803, 0.02633025877760558747680291414319227423450832557672102699993273282010120698335833, -0.3062414065672521183397898680408702753362570119832677533458156449778803692851036)
(-0.2678974245299498337827644315357652466440255844471204412244656449571580543513228, -0.5163618607382931105077804143821157001281888262277741630889142008859334316540412, -0.670698204195033595051757983622045154320322523535882075668697222480511417552762)