A^3+B^3=C^3+D^3=S
0<A<B 0<C<D
B,D <= 1000
gcd(A,B,C,D)=1


         S       A    B       C    D
      1729      10    9      12    1
      4104      15    9      16    2
     20683      24   19      27   10
     39312      33   15      34    2
     40033      33   16      34    9
     64232      36   26      39   17
     65728      33   31      40   12
    134379      43   38      51   12
    149389      50   29      53    8
    171288      54   24      55   17
    195841      57   22      58    9
    216027      59   22      60    3
    327763      58   51      67   30
    402597      61   56      69   42
    439101      69   48      76    5
    443889      73   38      76   17
    515375      71   54      80   15
    684019      75   64      82   51
    704977      86   41      89    2
    805688      92   30      93   11
    842751      84   63      94   23
    920673      96   33      97   20
    955016      89   63      98   24
    984067      92   59      98   35
    994688      92   60      99   29
   1009736      93   59      96   50
   1016496      90   66      97   47
   1073375      95   60     102   23
   1092728      94   64     103    1
   1331064     101   67     110    4
   1533357      93   90     109   62
   1609272      94   92     113   55
   1845649     120   49     121   42
   2048391     106   95     127    2
   2418271     116   95     134   23
   2691451     123   94     139   18
   2864288     121  103     142   10
   3242197     138   85     141   76
   3375001     144   73     150    1
   3375008     141   83     150    2
   3511872     151   41     152    4
   3587409     122  121     153   18
   3813992     125  123     156   26
   4174281     153   84     161   10
   4342914     137  121     163   23
   4505949     157   86     165   24
   4511808     152  100     165   27
   4607064     135  129     166   32
   4673088     164   64     167   25
   4931101     157  102     165   76
   5135104     163   93     172   36
   5318677     141  136     174   37
   5446359     144  135     172   71
   5772403     162  115     178   51
   5799339     166  107     179   40
   6013000     165  115     178   72
   6017193     166  113     180   57
   6058747     163  120     172   99
   6230504     181   67     184   10
   6434883     184   59     186    3
   6517000     175  105     184   66
   7620661     174  133     196   45
   7882245     166  149     192   93
   8275176     183  129     202   32
   8493039     200   79     204   15
   8872487     183  140     207   14
   9261729     172  161     210    9
   9443761     185  146     209   68
  10036845     206  109     213   72
  10202696     177  167     216   50
  10424232     211  101     218   40
  10469816     206  120     215   81
  10702783     183  166     202  135
  10765603     186  163     219   64
  10811017     198  145     217   84
  10821896     197  147     210  116
  11097567     192  159     223   20
  11478584     220   94     223   73
  11548089     225   54     226   17
  11557000     225   55     226   24
  12650337     225  108     233   10
  12753160     194  176     233   47
  13489875     204  171     235   80
  13490533     229  114     238   21
  13623913     193  186     228  121
  14482503     239   94     240   87
  14916727     240  103     246   31
  14978061     214  173     246   45
  15187041     218  169     225  156
  15201368     207  185     246   68
  15398936     213  179     246   80
  15438250     235  135     249    1
  15682680     222  168     241  119
  16387189     206  197     254    5
  16587207     236  151     255   18
  16776487     220  183     255   58
  16983854     231  167     257   21
  17045567     216  191     254   87
  17999072     209  207     246  146
  18406603     262   75     264   19
  18617625     257  118     265   20
  19250163     267   60     268   11
  20072017     244  177     270   73
  20616463     258  151     268  111
  21125384     240  194     275   69
  21994875     276   99     280   35
  22426369     257  176     281   62
  22543417     273  130     282   49
  24666560     288   92     291   29
  24767171     284  123     291   50
  24897817     256  201     292    9
  25164405     237  228     293   22
  25371171     275  166     291   90
  26122131     236  235     292  107
  26506467     252  219     298   35
  27831951     290  151     303   24
  27882127     247  234     303   40
  28703269     280  189     306   37
  29791125     309   66     310    5
  31256000     252  248     315    5
  32114143     276  223     304  159
  32530680     318   72     319   41
  32973759     295  194     319   80
  33108264     279  225     298  188
  36050904     323  133     326  112
  37498032     285  243     334   62
  38253878     321  173     335   87
  39639691     331  150     339   88
  40134584     331  157     340   94
  40183262     339  107     341   81
  40354119     322  191     343    8
  40519115     278  267     339  116
  41258737     337  144     345   58
  41301953     306  233     345   62
  41343640     323  197     344   86
  41436873     281  268     345   72
  41511232     334  162     343  105
  41892515     302  243     347   48
  42154840     327  193     348   22
  42276843     298  251     348   51
  43852536     309  243     352   62
  43946000     285  275     342  158
  43997625     305  250     353   22
  44409995     339  176     347  138
  45882739     354  115     358    3
  46343059     326  227     356  107
  48316662     333  225     359  127
  49849856     359  153     368   24
  51278929     305  284     368  113
  52242463     351  208     354  199
  52739288     333  251     375   17
  53226297     374   97     376   41
  54267003     355  212     363  186
  54269091     323  274     347  232
  54814509     302  301     378   93
  56388339     331  272     370  179
  57066633     345  252     385    2
  58438072     309  307     388   30
  59913728     368  216     387  125
  60271939     379  180     388  123
  60698521     337  282     393    4
  61555832     324  302     393   95
  61568208     333  291     394   74
  62108397     365  238     396   21
  65272753     337  300     393  166
  65573928     394  164     401  103
  66469429     376  237     405   34
  66763333     334  309     352  285
  68007673     378  241     385  222
  69583995     398  187     411   54
  69625969     362  281     410   89
  70449093     382  245     413   16
  70957971     334  323     414    3
  71292312     365  283     408  150
  71509312     414   82     415   33
  73369088     408  176     417   95
  73819863     367  290     404  199
  73842713     393  236     417  110
  77129864     354  320     423  113
  77414967     386  271     423  120
  79598125     412  213     430   45
  79692193     366  313     430   57
  80102574     399  255     427  131
  80208576     352  332     425  151
  84266000     435  125     438   62
  84637287     431  166     439   32
  86316741     394  293     437  142
  87029432     380  318     443   45
  87539319     414  255     423  228     436  167    # Only the pairs (414,255 , 436,167) and (423,228 , 436,167) have a greatest common divisor of 1
  88129323     422  235     443  106
  89576767     444  127     447   64
  90527229     436  197     445  134
  91034307     379  332     443  160
  91140435     434  211     448  107
  94100426     363  359     449  153
  95547816     456   90     457   47
  95731489     456   97     457   66
  96753187     420  283     454  147
  97867441     456  145     460   81
  98040969     402  321     460   89
  99768753     401  328     462  105
 101194704     459  165     466    2
 101700872     413  315     444  242
 104212017     404  337     470   73
 105997327     431  296     452  239
 106243219     388  363     426  307
 106496767     448  255     474    7
 110087432     443  285     479   57
 111485673     465  222     472  185
 111906333     464  229     477  150
 114103808     480  152     485   27
 115942104     390  384     481  167
 116215603     476  203     488   11
 116773741     445  306     477  202
 117132750     447  303     485  145
 118129375     415  360     487  138
 118974960     402  378     469  251
 119082880     444  316     487  153
 119793457     465  268     489  142
 119824488     428  346     492   90     493   11    # Only the pairs (428,346 , 493,11) and (492,90 , 493,11) have a greatest common divisor of 1
 121287376     438  334     495    1
 122810129     434  345     497   36
 123262120     396  394     457  303
 126516061     477  262     496  165
 126906624     461  307     500  124
 127396178     485  237     503   51
 127525671     498  159     503   64
 128966383     439  354     502  135
 129333078     463  311     501  153
 129380329     441  352     505   84
 131126303     487  250     508   31
 131997229     452  341     509   50
 136004184     480  294     511  137
 137854899     424  395     498  243
 142098327     512  199     519  132
 142244648     443  381     522   20
 143604279     423  408     460  359     522  111    # Only the pairs (423,408 , 460,359) and (423,408 , 522,111) have a greatest common divisor of 1
 144370863     463  356     524   79
 145461771     467  352     523  134
 145908847     463  360     471  346
 146548376     501  275     527   57
 147187369     505  264     514  225
 149496256     463  369     508  264
 151212412     511  261     529  147
 153444807     495  318     535   68
 154245637     508  285     522  229
 154370456     515  261     534  128
 154573272     534  132     535  113
 155711528     428  426     537   95
 155722203     496  323     538   11
 155916488     436  418     529  199
 156234169     489  340     522  241
 157366664     530  204     531  197
 158818023     503  316     522  255
 159220431     495  336     542    7
 161801432     527  249     534  212
 162259704     500  334     535  209
 163753408     444  424     505  327
 166205816     449  423     540  206
 166523877     445  428     550   53
 166560193     513  316     550   57
 168170984     519  305     522  296
 168196824     551   97     552    6
 170138527     479  392     503  350
 170479153     465  412     537  250
 171904005     549  186     556   29
 175695507     555  168     560   43
 175959000     525  315     552  198     560   70    #There is no pair combination among these pairs for which the greatest common divisor is 1
 176427433     513  346     544  249
 176662304     534  290     561   47
 176992192     531  301     544  252
 178871959     492  391     562  111
 179105572     471  421     547  249
 179421769     561  142     564   25
 180314414     525  329     563  123
 180526528     480  412     537  295
 180930169     489  400     558  193
 185199859     523  348     570   19
 185840109     477  426     550  269
 186595201     526  345     564  193
 187551000     545  295     566  184
 188239688     524  354     569  159
 188567470     463  447     561  229
 192113857     537  334     577   24
 197842337     570  233     582   89
 197915221     544  333     580  141
 198156016     534  358     583    9
 199183563     467  460     584   19
 204360858     571  263     589   29
 205556904     538  368     551  337
 205817976     485  451     590   76
 206471727     590  103     591   36
 206491896     491  445     540  366
 206638712     561  311     590  108
 207761337     545  358     580  233
 209146357     517  414     582  229
 212314473     513  426     569  304
 214757361     593  184     596  145
 216226981     573  304     600   61
 221884299     595  224     603  138
 222636141     605  106     606   45
 223966106     503  459     593  249
 225696926     601  205     607  127
 228613112     558  380     591  281
 231638463     584  319     610  167
 232116859     555  394     592  291
 236893923     580  347     606  243
 236933496     590  316     617  127
 237549907     618  115     619   72
 238328064     617  151     620    4
 238396921     617  152     620   41
 239088213     594  309     613  206
 239733108     545  427     621   63
 240643179     596  307     622   11
 241668784     618  178     619  165
 242054414     621  137     623   63
 243578881     505  486     577  372
 246930859     562  411     627   76
 247973427     596  331     627  114
 251272359     575  394     631   32
 253003625     545  450     618  257
 254079000     625  215     632  118
 255684520     612  298     633  127
 256096512     508  500     633  135
 258453979     608  323     635  134
 259259832     607  329     636  126
 260016057     529  482     568  425
 261243918     521  493     607  335
 265848219     635  214     643    8
 266818951     526  495     562  447
 269014473     622  305     641  178
 269442621     566  445     644  133
 271688534     587  411     605  369
 272264167     631  276     648   55
 272449359     519  510     644  175
 274220856     625  311     638  244
 279487936     540  496     649  183
 281359449     641  262     649  200
 281827000     603  397     640  270
 282078901     574  453     654  133
 292768768     601  423     664   24
 292940137     633  340     664   57
 295484553     601  428     665  112
 296106165     621  384     661  194
 296889840     666  114     667   53
 299457613     565  492     669   34
 300694303     570  487     612  415
 300763729     625  384     670    9
 302709680     603  437     666  194
 310030721     578  489     641  360
 310289733     661  278     677   10
 313186627     675  178     678  115
 317347219     675  214     682   51
 318340736     654  338     675  221
 318769451     651  350     683   54
 320792192     677  219     684   92
 321154048     600  472     643  381
 324159856     665  311     686  110
 324743922     665  313     679  227
 326418309     613  458     669  300
 327763000     580  510     661  339     670  300    # Only the pairs (580,510 , 661,339) and (661,339 , 670,300) have a greatest common divisor of 1
 328013504     587  501     684  200
 328112596     645  391     687  157
 329986027     628  435     691   36
 331433207     690  143     692   39
 332855432     692  114     693   35
 334260297     564  537     694   17
 334746162     583  515     687  219
 336661488     561  543     694  134
 336732676     617  467     695  101
 340424721     654  393     697  122
 342019314     607  491     681  297
 343884736     699  133     700   96
 346061296     666  370     685  291
 348326216     593  519     674  348
 348411511     658  399     690  271
 350401842     699  207     701  181
 350775873     697  230     705   72
 352087784     668  378     705  119
 355144257     668  385     705  168
 360959625     601  524     710  145
 365268976     662  422     701  275
 371465101     576  565     717  142
 372046239     640  479     671  412
 372243384     627  501     718  128
 372525543     607  530     719   94
 373333697     620  513     681  386
 383131728     709  299     726   78
 387352719     678  423     727  146
 388481697     638  505     729  102
 389675503     591  568     730   87
 391386736     658  474     721  255
 398974437     658  485     732  189
 399094696     657  487     730  216
 401947273     729  244     738    1
 406767816     595  581     706  380
 414723456     636  540     673  479
 416318561     737  252     746  105
 420926779     636  547     675  484
 422050616     749  123     750   56
 423638839     679  480     751   42
 423842013     736  293     749  154
 425559771     699  438     752   67
 428805377     705  428     744  257
 429396751     687  472     751  180
 431685072     726  366     745  263
 432597529     696  457     753  178
 437440591     756  175     759   58
 439003000     751  249     760   30
 440231463     655  542     759  144
 441133299     668  523     724  395
 441912051     659  538     755  226
 442174376     730  376     751  265
 442962728     629  579     762   80
 446110119     639  570     764   55
 446686147     699  472     738  355
 447902504     762  176     765   59
 448675416     656  550     753  279
 449398952     653  555     666  536
 449519625     625  590     729  396
 449806912     617  599     746  326
 450680139     654  555     766  107
 453474775     748  327     766  159
 455060032     647  569     740  368
 458314038     733  401     771    3
 458314136     662  552     771    5
 463085632     669  547     772  144
 475676864     761  327     780  104
 478378143     776  223     782   55
 483634125     757  368     765  330
 483772562     783  155     785   33
 485587720     669  571     786    4
 491019633     721  488     784  209
 491935528     778  276     787  165
 494935623     783  246     791   28
 497322728     729  479     762  380
 498018131     683  564     792  107
 502866152     789  227     794  132
 506456685     792  213     797   58
 508947192     654  612     797  139
 509869171     778  339     787  282
 510105141     749  448     792  237
 510200217     673  590     785  298
 513926497     729  502     801   16
 514580904     748  458     801   87
 529725176     750  476     809   63
 529790616     710  556     803  229
 532918080     788  352     809  151
 536214952     730  528     811  141
 538922251     723  544     787  372
 539385912     795  333     814   32
 540746696     799  313     802  292
 542532536     696  590     807  257
 543543875     660  635     816   59
 546106141     717  562     733  534
 547874873     809  264     818   81
 551525464     711  577     820   54
 551674179     723  558     818  163
 553423598     747  515     821   33
 553514689     748  513     820  129
 556913233     802  345     820  177
 558164672     716  576     813  275
 566069497     788  425     809  332
 568483496     794  408     825  191
 574002793     816  313     825  232
 575047207     799  402     831  106
 579186127     774  487     820  303
 581251329     833  148     834  105
 584504191     706  615     831  220
 586377981     808  389     837   12
 590421637     756  541     784  477
 596636137     700  633     826  321
 599881464     830  304     843   93
 601783371     818  379     844   83
 606932928     673  671     764  544
 610096697     705  638     809  432
 610475129     738  593     836  297
 612063872     804  452     849   47
 619977176     699  653     828  374
 624594789     829  380     853  158
 625598162     771  551     855   83
 626125248     741  603     760  572
 626791256     723  629     800  486
 627085333     852  205     853  186
 632767581     797  502     829  398
 634207392     823  425     842  334
 634314331     858  139     859   78
 635551280     762  578     857  183
 636060096     757  587     860   16
 639370108     825  427     861  103
 645292648     772  570     853  291
 646925832     725  643     849  327
 649923463     792  535     855  292
 655802784     746  622     837  411
 658534877     797  534     869  132
 660715272     755  613     834  432
 661358061     750  621     853  344
 662752125     850  365     864  261
 665338625     825  470     873    2
 665365617     842  409     873   30
 674922086     857  357     875  171
 679151503     814  519     879    4
 679346551     834  463     879   58
 682333749     749  640     874  245
 684329282     809  537     881   81
 685726587     866  331     867  324
 687013704     791  577     882   96
 687925719     839  460     878  223
 688485070     759  631     883   27
 689406579     840  459     883   98
 692102133     877  260     884  109
 692612137     760  633     825  508
 693088669     813  538     852  421
 694919869     842  461     860  389
 696330648     838  476     885  147
 702197585     818  537     881  264
 702669457     786  601     889   42
 708493743     734  679     864  399
 709254728     851  453     887  225
 711071846     765  641     891  155
 719323479     895  134     896    7
 722366073     753  666     865  422
 725545539     810  579     892  251
 729328509     898  173     900   69
 729418816     885  331     898  174
 729577063     831  538     864  439
 730549099     730  699     811  582
 733204262     883  355     901  121
 741557943     799  614     807  600
 743693041     772  657     906   25
 744214049     857  486     888  353
 746037808     899  269     902  230
 752314472     746  696     909  107
 753589286     821  585     897  317
 755857466     759  683     873  449
 762265231     818  599     908  239
 771870736     735  721     846  550
 777153663     831  588     895  392
 779733136     771  685     919  153
 781572961     882  457     921   70
 782924203     768  691     916  243
 783982827     762  699     922   59
 784342097     750  713     921  146
 784556136     737  727     922   92
 788197832     744  722     921  191
 788964463     783  676     919  234
 788966919     847  566     908  343
 789006673     904  369     924   49
 789229224     765  699     922  176
 790203951     748  719     894  423
 799214689     921  262     928   33
 801584856     855  561     928  134
 804360375     920  295     927  198    (930^3+15^3 also 804360375)    
 806672113     830  617     926  233
 809048385     822  633     874  521
 809886077     810  653     932   69
 813357253     837  610     933  106
 814252257     905  418     929  232
 814414328     894  464     933  131
 817638703     764  719     935   62
 820735552     834  622     927  289
 822741192     786  696     895  473
 825682689     833  628     938   73
 825822144     766  722     905  439
 841283037     930  333     944   37
 845973423     847  620     911  448
 846635517     870  573     934  317
 847691136     852  612     943  209
 849829491     931  350     947   82
 858849608     802  700     931  373
 860616792     950  148     951   81
 885156363     915  492     955  242
 885818304     862  626     935  409
 885950533     861  628     952  285
 890336447     888  575     962   39
 898412697     952  329     964  137
 900810729     772  761     953  328
 902604339     787  746     898  563
 902719944     937  431     963  213
 907301376     785  751     968   64
 908992357     965  218     968  125
 911298661     821  710     893  584
 918496423     951  388     972   55
 923062959     820  719     858  663
 924151032     871  641     974   52
 924503463     823  716     974   79
 924845103     839  694     887  610
 925299648     856  668     953  391
 927050059     915  544     958  363
 929783582     939  467     975  143
 929846827     906  571     976   51
 930935059     794  755     950  419
 932678656     920  536     977   47
 935181611     819  728     971  270
 937714176     851  685     976  200
 940917887     831  716     960  383
 944002423     831  718     972  295
 948409065     848  697     982  113
 948673971     948  459     979  218
 950859559     916  567     966  367
 954193392     850  698     915  573
 957847527     878  655     940  503
 958590477     892  629     978  285
 958657609     894  625     985  144
 959281759     855  694     928  543
 959795109     893  628     965  394
 960429545     804  761     878  657
 964598327     935  528     972  359
 970168752     870  678     979  317
 970765803     883  656     987  210
 972448841     874  673     985  256
 973243000     820  750     991    9
 973288927     919  582     991   36
 979428329     978  353     990  209
 982797192     936  546     973  395
 989950464     903  633     976  392
 996762312     992  274     997  179
1005375880     978  412     997  243
1013167629     885  684     976  437
1013396293     933  586     982  405
1015438249     838  753    1000  249
1093035125     877  748     970  565
1098597061     928  669     954  613
1104898032     934  662     995  493
1126446256     934  678     979  573
1156658048     863  801     972  620
1217741768     899  789     978  656
1228225789     870  829     901  792
1231216119     863  838     990  639
1234859661     880  821     978  669
1477354411     924  883     987  802